Date,New cases,Cumulative cases,Daily growth rate in cases,New deaths,Cumulative deaths,Source
3/1/2020,0,0,0,0,0,N/A
3/2/2020,0,0,0,0,0,N/A
3/3/2020,0,0,0,0,0,N/A
3/4/2020,0,0,0,0,0,N/A
3/5/2020,2,2,0,0,0,https://sfmayor.org/article/city-and-county-san-francisco-announces-cases-novel-coronavirus-san-francisco
3/6/2020,0,2,0%,0,0,https://www.sfdph.org/dph/alerts/coronavirus.asp
3/7/2020,6,8,300%,0,0,https://sfmayor.org/article/san-francisco-reports-additional-cases-novel-coronavirus-san-francisco-residents
3/8/2020,0,8,0%,0,0,https://www.sfdph.org/dph/alerts/coronavirus.asp
3/9/2020,5,13,63%,0,0,https://www.sfdph.org/dph/alerts/coronavirus.asp
3/10/2020,1,14,8%,0,0,https://www.sfdph.org/dph/alerts/coronavirus.asp
3/11/2020,0,14,0%,0,0,https://www.sfdph.org/dph/alerts/coronavirus.asp
3/12/2020,4,18,29%,0,0,https://www.sfdph.org/dph/alerts/coronavirus.asp
3/13/2020,5,23,28%,0,0,https://www.sfdph.org/dph/alerts/coronavirus.asp
3/14/2020,5,28,22%,0,0,https://www.sfdph.org/dph/alerts/coronavirus.asp
3/15/2020,9,37,32%,0,0,https://www.sfdph.org/dph/alerts/coronavirus.asp
3/16/2020,3,40,8%,0,0,https://www.sfdph.org/dph/alerts/coronavirus.asp
3/17/2020,3,43,8%,0,0,https://www.sfdph.org/dph/alerts/coronavirus.asp
3/18/2020,8,51,19%,0,0,https://www.sfdph.org/dph/alerts/coronavirus.asp
3/19/2020,19,70,37%,0,0,https://www.sfdph.org/dph/alerts/coronavirus.asp
3/20/2020,6,76,9%,0,0,https://www.sfdph.org/dph/alerts/coronavirus.asp
3/21/2020,8,84,11%,0,0,https://www.sfdph.org/dph/alerts/coronavirus.asp
3/22/2020,24,108,29%,0,0,https://www.sfdph.org/dph/alerts/coronavirus.asp
3/23/2020,23,131,21%,0,0,https://www.sfdph.org/dph/alerts/coronavirus.asp
3/24/2020,21,152,16%,0,0,https://www.sfdph.org/dph/alerts/coronavirus.asp
3/25/2020,26,178,17%,1,1,https://www.sfdph.org/dph/alerts/coronavirus.asp
3/26/2020,45,223,25%,1,2,https://www.sfdph.org/dph/alerts/coronavirus.asp
3/27/2020,56,279,25%,1,3,https://www.sfdph.org/dph/alerts/coronavirus.asp
3/28/2020,29,308,10%,1,4,https://www.sfdph.org/dph/alerts/coronavirus.asp
3/29/2020,32,340,10%,1,5,https://www.sfdph.org/dph/alerts/coronavirus.asp
3/30/2020,34,374,10%,1,6,https://www.sfdph.org/dph/alerts/coronavirus.asp
3/31/2020,23,397,6%,0,6,https://www.sfdph.org/dph/alerts/coronavirus.asp
4/1/2020,,,,,,
4/2/2020,,,,,,
4/3/2020,,,,,,
4/4/2020,,,,,,
4/5/2020,,,,,,
4/6/2020,,,,,,